 NODAL FORCES
     Node ID   Fx               Fy
           1   2562.50342       1750.00024    
           2   0.00000000      -500.000000    
           3   0.00000000      -500.000000    
           4   0.00000000      -500.000000    
           5   0.00000000      -500.000000    
           6   0.00000000      -500.000000    
           7   0.00000000      -500.000000    
           8   0.00000000      -500.000000    
           9  -2562.50635       1750.00586    
          10   0.00000000       0.00000000    
          11   0.00000000       0.00000000    
          12   0.00000000       0.00000000    
          13   0.00000000       0.00000000    
          14   0.00000000       0.00000000    
          15   0.00000000       0.00000000    
          16   0.00000000       0.00000000    
 NODAL DISPLACEMENTS
     Node ID   dx               dy
           1   0.00000000       0.00000000    
           2  -6.44843734E-04  -1.28569445E-02
           3  -1.28968747E-03  -2.50875298E-02
           4  -9.42468527E-04  -3.44596319E-02
           5  -8.35347524E-09  -3.83938700E-02
           6   9.42458282E-04  -3.44596766E-02
           7   1.28968456E-03  -2.50875838E-02
           8   6.44841697E-04  -1.28569705E-02
           9   0.00000000       0.00000000    
          10   8.53174739E-03  -1.24601191E-02
          11   6.15079841E-03  -2.56827679E-02
          12   3.17460811E-03  -3.46580483E-02
          13   2.17333662E-09  -3.83938737E-02
          14  -3.17460438E-03  -3.46580893E-02
          15  -6.15080167E-03  -2.56828237E-02
          16  -8.53176136E-03  -1.24601452E-02
 ELEMENT FORCES
  Element ID   F
           1  -812.503113    
           2  -812.503113    
           3   437.495880    
           4   1187.49976    
           5   1187.50806    
           6   437.505096    
           7  -812.502014    
           8  -812.500549    
           9  -2474.87451    
          10  -2999.99561    
          11  -3749.99976    
          12  -4000.00366    
          13  -4000.00415    
          14  -3750.00854    
          15  -3000.00928    
          16  -2474.88184    
          17   499.999969    
          18  -749.999939    
          19  -250.004684    
          20  -4.69386578E-03
          21  -249.999985    
          22  -750.002319    
          23   499.999969    
          24   1767.76440    
          25   1767.77356    
          26   1060.66675    
          27   1060.66345    
          28   353.546753    
          29   353.558350    
 TOTAL MASS
   60879.0312    
 EXTERNAL WORK
   91.6010971    
 MAXIMUM STRESS
   33333.3672    
 EIGENVALUES
   2.00320077       11.5827713       30.2863960       51.8884621       109.003372       111.894791       201.193283       245.079529       312.913422       328.634766       428.156067       558.641174       741.914795       923.909180       1089.18933       1173.29785       1245.79517       1371.89453       1378.44617       1410.87244       1449.54248       1551.14197       1571.80615       2093.42358       2287.07129       2472.82544       2692.72314       3090.97974    
 EIGENVECTORS
   0.00000000       0.00000000       0.00000000       0.00000000       0.00000000       0.00000000       0.00000000       0.00000000       0.00000000       0.00000000       0.00000000       0.00000000       0.00000000       0.00000000       0.00000000       0.00000000       0.00000000       0.00000000       0.00000000       0.00000000       0.00000000       0.00000000       0.00000000       0.00000000       0.00000000       0.00000000       0.00000000       0.00000000    
   0.00000000       0.00000000       0.00000000       0.00000000       0.00000000       0.00000000       0.00000000       0.00000000       0.00000000       0.00000000       0.00000000       0.00000000       0.00000000       0.00000000       0.00000000       0.00000000       0.00000000       0.00000000       0.00000000       0.00000000       0.00000000       0.00000000       0.00000000       0.00000000       0.00000000       0.00000000       0.00000000       0.00000000    
   1.72762722E-02  0.215517595      0.294059426       8.44402388E-02 -0.566355228       3.58549803E-02 -0.160942793     -0.371377915     -0.141424268      0.519030392     -0.171910673      0.900834620      -6.31170198E-02 -0.865944326      0.363987505      0.715674460      0.138859630     -0.314200312     -0.323366553     -0.579930067      0.586232066     -0.419173509     -0.832298338      -1.00000000     -0.923081040     -0.549611628      0.356854558     -0.158254370    
  0.301651537     -0.801103950      0.147508770     -0.905106723      0.715072989     -0.999996483      -1.00000000      0.912774920      0.539025962      0.653456867      -5.62400408E-02  0.267734110      -6.29390553E-02  -6.56136870E-02  0.218563706      -7.14322850E-02  0.163250640     -0.999973059      -1.00000000       1.00000000     -0.942709863      0.426390678      -6.69190567E-03  -4.35474664E-02  -1.15632443E-02  -7.17787743E-02   3.37668844E-02   1.16159385E-02
   3.46986242E-02  0.422636718      0.564186990      0.155779555     -0.967939675       6.85949251E-02 -0.206438527     -0.568105042     -0.204834774      0.640578449     -0.375294954      0.999998093      0.264635116     -0.556209207     -0.182630792      0.220538259       3.42024639E-02 -0.264051199     -0.251848936       3.71698895E-03  0.151678905     -0.295647174      0.143387780      0.635413170      0.544017196       1.00000000     -0.645232916      -3.63798626E-02
  0.624727309      -1.00000000      0.725355327     -0.824539006     -0.499609321     -0.259441644      0.292405665      -1.00000000     -0.667569697     -0.304646641     -0.212065995      0.215495810      0.406708777     -0.362516105     -0.733635604      0.396883070     -0.224153578      0.627926230      0.605252087      0.591427207     -0.721706748      0.453574657      -1.44097582E-02 -0.133475080      -9.20309722E-02 -0.149769351       7.92506710E-02  -3.37500311E-03
   2.62237433E-02  0.624273121      0.611603200      0.198147595     -0.643072367      -3.29808407E-02 -0.232689530      -4.55518514E-02  0.142522499      0.365734398     -0.878686666      0.458222389      0.821815610      0.385093480     -0.444736421     -0.590118587      -8.47224146E-03  -5.96057102E-02  -2.91939825E-02  -9.62922797E-02  0.246944532     -0.134164467      0.523205280      0.236945584      0.252034247     -0.985225379      0.754424989      0.512856603    
  0.882478833     -0.692781329      0.767783821      0.206241593     -0.527798116      0.806930542      0.448133290      0.506774545      0.729797065      0.345103294     -0.402272552      0.370355278      -9.10468102E-02  0.257915467      0.927211523     -0.745472133      0.265324533      0.362326205      0.428790420      0.765962481     -0.215994120     -0.448199272     -0.428159356     -0.125743404     -0.180757940      0.237408638     -0.121557504      -8.25633705E-02
  -1.08832666E-07  0.745085478      0.559062183      -4.67677864E-07   2.30898650E-06 -0.313594311       3.46967028E-07  -2.47161537E-02  -1.13877877E-06 -0.206116304      -1.00000000      -1.16476031E-06   3.79829800E-07  0.368186831      0.737391710      -1.07838582E-06  -1.06738035E-07   5.43099158E-02  -1.60514310E-06 -0.742596984       3.01124328E-06   1.00000000       4.91306764E-07 -0.190094098       3.42350432E-07   1.09731582E-06 -0.333527505     -0.909554601    
  0.995613754       4.62810277E-07   5.19739103E-07  0.900155663      0.836070418       1.69058137E-06 -0.620931327      -1.50835240E-06 -0.597169697       3.44008868E-06   2.54677389E-07  -2.10521258E-02  -1.19078578E-02  -1.96254945E-07  -2.06154664E-06 -0.560018837     -0.556480169       5.81332188E-06 -0.376652390       1.46242508E-06   9.53600779E-02   3.08429435E-07 -0.739757001       4.06301751E-07  0.160995916      -1.54545289E-02  -3.54177558E-08   3.50408449E-08
  -2.62241513E-02  0.624272466      0.611603320     -0.198147818      0.643074036      -3.29771116E-02  0.232689530      -4.55514826E-02 -0.142519608      0.365736127     -0.878686070     -0.458224684     -0.821815908      0.385093153     -0.444732159      0.590121806       8.47210828E-03  -5.96053638E-02   2.91913953E-02  -9.62942913E-02 -0.246943966     -0.134163380     -0.523205757      0.236946061     -0.252036095      0.985220671      0.754428446      0.512856781    
  0.882478893      0.692782402     -0.767783880      0.206240147     -0.527787745     -0.806933224      0.448135734     -0.506771863      0.729794264     -0.345111907      0.402271867      0.370356232      -9.10478756E-02 -0.257914305     -0.927216113     -0.745468676      0.265324742     -0.362338364      0.428775728     -0.765969336     -0.215989068      0.448200047     -0.428158849      0.125742927     -0.180758610      0.237407744      0.121558219       8.25635195E-02
  -3.46988104E-02  0.422636062      0.564187407     -0.155779645      0.967940032       6.86002299E-02  0.206439510     -0.568104386      0.204840899      0.640575051     -0.375293732      -1.00000000     -0.264635593     -0.556208789     -0.182631984     -0.220538810      -3.42024192E-02 -0.264057815      0.251841486       3.71272489E-03 -0.151680097     -0.295647293     -0.143387839      0.635411143     -0.544018865     -0.999996424     -0.645236850      -3.63805369E-02
  0.624727666      0.999999285     -0.725355446     -0.824539244     -0.499612868      0.259440869      0.292403132      0.999999762     -0.667567670      0.304655582      0.212065637      0.215496346      0.406709343      0.362514734      0.733637154      0.396881849     -0.224154413     -0.627940416      0.605230153     -0.591440976     -0.721704304     -0.453574181      -1.44108059E-02  0.133474752      -9.20312628E-02 -0.149768725      -7.92512521E-02   3.37478938E-03
  -1.72762293E-02  0.215517208      0.294059545      -8.44401717E-02  0.566354930       3.58578824E-02  0.160943553     -0.371377230      0.141429156      0.519028127     -0.171909362     -0.900835872       6.31169900E-02 -0.865943372      0.363982916     -0.715676367     -0.138859406     -0.314208180      0.323353708     -0.579940140     -0.586228430     -0.419173449      0.832296550     -0.999997914      0.923084497      0.549611092      0.356857210     -0.158254042    
  0.301651031      0.801104188     -0.147508606     -0.905105412      0.715059459       1.00000000     -0.999997914     -0.912778139      0.539021313     -0.653464496       5.62393293E-02  0.267734319      -6.29390553E-02   6.56137168E-02 -0.218564197      -7.14314803E-02  0.163251922       1.00000000     -0.999977887     -0.999998689     -0.942701519     -0.426389456      -6.69151265E-03   4.35473174E-02  -1.15636364E-02  -7.17784986E-02  -3.37670594E-02  -1.16162561E-02
   0.00000000       0.00000000       0.00000000       0.00000000       0.00000000       0.00000000       0.00000000       0.00000000       0.00000000       0.00000000       0.00000000       0.00000000       0.00000000       0.00000000       0.00000000       0.00000000       0.00000000       0.00000000       0.00000000       0.00000000       0.00000000       0.00000000       0.00000000       0.00000000       0.00000000       0.00000000       0.00000000       0.00000000    
   0.00000000       0.00000000       0.00000000       0.00000000       0.00000000       0.00000000       0.00000000       0.00000000       0.00000000       0.00000000       0.00000000       0.00000000       0.00000000       0.00000000       0.00000000       0.00000000       0.00000000       0.00000000       0.00000000       0.00000000       0.00000000       0.00000000       0.00000000       0.00000000       0.00000000       0.00000000       0.00000000       0.00000000    
 -0.215679333      0.596900642      0.421123385      0.175350681     -0.849802196      -8.60091373E-02 -0.565230787      -3.16084176E-02   2.64736041E-02  0.549319208      0.850867331     -0.323288888     -0.999999344      0.322821796      0.676758766     -0.186779171      -4.14933078E-02  0.541772604      0.521258354       8.32364485E-02 -0.421625137      0.703373313      0.117357247      0.156474322      0.400412410     -0.554403841      0.264610946      0.311119825    
  0.300286144     -0.782086313      0.134340182     -0.813699365      0.595910013     -0.803058922     -0.679747164      0.602560341      0.314369261      0.330258995       2.16111168E-03   1.23722302E-02  -5.76548167E-02   8.81909952E-02   4.85631339E-02  -4.80970480E-02  -5.43741733E-02  0.623452544      0.635041952     -0.974798918       1.00000000     -0.532167554       1.05481464E-02  0.106720805       5.12329936E-02  0.176901072      -9.29766670E-02  -2.22963188E-02
 -0.158528343      0.493238747      0.723249078      -7.60472417E-02 -0.931752980     -0.240352154     -0.447038263      -4.19495180E-02  -6.59652054E-02  -5.94177097E-02  0.707927346     -0.912214637       1.14160590E-02  0.538735449     -0.684901834     -0.255355984     -0.117539734      -5.83332293E-02  -5.16777746E-02  0.348752737     -0.100102238     -0.369757414      0.139255017     -0.451629668     -0.999997318      0.544907510     -0.156273842     -0.818196595    
  0.647033095     -0.979616523      0.820860445     -0.694425881     -0.733407915      -2.04137545E-02  0.433940619     -0.920251131     -0.563078940     -0.426239103      0.356074363     -0.471085727     -0.419067472      0.368065655      0.567896664     -0.275117040      0.148232207     -0.793137193     -0.803704798     -0.590964198      0.496759593      -6.72563836E-02  0.130691722      0.155487657      0.215257213     -0.158548087       8.34596455E-02  0.128828734    
  -8.26788470E-02  0.421614647      0.965848505     -0.109400593     -0.676174819     -0.112033881     -0.113978170      0.523361623      0.249397203     -0.681606293      0.402499586     -0.860989928      0.414315104     -0.320295036      -8.36085975E-02  0.542389214       9.95812118E-02  -1.52312089E-02  -1.32137174E-02  0.172160506      -3.20467465E-02 -0.213222608      -1.00000000     -0.273884118      0.505780816      0.115733415     -0.472351342       1.00000000    
  0.894799471     -0.611393094      0.717678785      0.410600215     -0.400673360      0.812847197      0.156842068      0.829240203      0.715676725      0.270170867      0.215411901     -0.180988923      -6.44776598E-02 -0.233572662     -0.999993026       1.00000000     -0.215028122     -0.114403732      -9.81672034E-02 -0.657470763       5.18840179E-02  0.522744060      0.676978886       4.30018157E-02  -4.24897783E-02  -8.24360028E-02   4.29264084E-02 -0.115332149    
  -9.92239322E-08  0.428694844       1.00000000      -4.65889997E-07   4.17005310E-07 -0.135211766      -6.29543933E-07  0.678053260      -4.63119613E-06  -1.00000000      0.498227477       7.77448463E-07   1.14905426E-07  -1.00000000      0.505367935      -2.15858927E-06   2.65175572E-07   7.29487017E-02   2.83644067E-06  0.518364429      -1.72494754E-06 -0.569377482       3.79418395E-07  0.913033426      -1.75059495E-06  -3.15300167E-06   1.00000000     -0.815996170    
   1.00000000       6.12926442E-07   5.14709711E-07   1.00000000       1.00000000       2.14855572E-06 -0.910133958      -2.24571932E-06  -1.00000000       5.95662414E-06   6.90037893E-07 -0.451590985      0.347103029       6.57757255E-07   6.79048071E-07  0.184233382       1.00000000      -9.04914396E-06  0.540456414      -2.99243925E-06 -0.143300056       1.42799848E-07  0.369695902      -1.97585621E-07  -8.44404027E-02   4.69254479E-02   9.90287106E-08  -1.71096137E-09
   8.26786458E-02  0.421614796      0.965847969      0.109399557      0.676175356     -0.112030320      0.113977253      0.523361146     -0.249403462     -0.681602836      0.402498603      0.860991538     -0.414314806     -0.320294738      -8.36110935E-02 -0.542389274      -9.95809734E-02  -1.52321113E-02   1.32144131E-02  0.172160730       3.20453905E-02 -0.213223889      0.999999225     -0.273886561     -0.505779684     -0.115731016     -0.472352028      0.999999821    
  0.894799829      0.611394107     -0.717678130      0.410599083     -0.400661856     -0.812849760      0.156844825     -0.829238892      0.715674639     -0.270180225     -0.215412006     -0.180989355      -6.44765422E-02  0.233571574       1.00000000      0.999995589     -0.215028539      0.114407435      -9.81600136E-02  0.657472670       5.18790856E-02 -0.522744954      0.676978171      -4.30020019E-02  -4.24895659E-02  -8.24356526E-02  -4.29267436E-02  0.115332089    
  0.158528343      0.493238956      0.723248839       7.60463178E-02  0.931755841     -0.240347445      0.447038710      -4.19478454E-02   6.59647509E-02  -5.94181307E-02  0.707926035      0.912216842      -1.14162331E-02  0.538734913     -0.684899986      0.255359977      0.117539451      -5.83345108E-02   5.16782552E-02  0.348753572      0.100099556     -0.369757622     -0.139256001     -0.451626897       1.00000000     -0.544905424     -0.156275466     -0.818196476    
  0.647033215      0.979616702     -0.820859849     -0.694426417     -0.733407617       2.04112548E-02  0.433938116      0.920251429     -0.563075900      0.426246703     -0.356073499     -0.471087724     -0.419068426     -0.368064880     -0.567897320     -0.275115877      0.148233056      0.793157160     -0.803678393      0.590978026      0.496757329       6.72559589E-02  0.130692303     -0.155487373      0.215257853     -0.158547372      -8.34602341E-02 -0.128828719    
  0.215679348      0.596900880      0.421123683     -0.175350949      0.849803209      -8.60043913E-02  0.565230668      -3.16064432E-02  -2.64683738E-02  0.549319685      0.850867331      0.323290944       1.00000000      0.322821230      0.676758051      0.186776742       4.14933749E-02  0.541785657     -0.521242261       8.32459405E-02  0.421626359      0.703373253     -0.117355771      0.156473875     -0.400413483      0.554402232      0.264612675      0.311120450    
  0.300285786      0.782085657     -0.134340167     -0.813698113      0.595899045      0.803062201     -0.679745913     -0.602562666      0.314367235     -0.330263466      -2.16146722E-03   1.23724295E-02  -5.76547943E-02  -8.81907791E-02  -4.85628471E-02  -4.80969287E-02  -5.43750525E-02 -0.623470604      0.635029852      0.974800885      0.999992073      0.532166779       1.05482126E-02 -0.106720537       5.12335636E-02  0.176900297       9.29771885E-02   2.22966261E-02
