 NODAL FORCES
     Node ID   Fx               Fy
           1   1558.69580       1749.99365    
           2   0.00000000      -500.000000    
           3   0.00000000      -500.000000    
           4   0.00000000      -500.000000    
           5   0.00000000      -500.000000    
           6   0.00000000      -500.000000    
           7   0.00000000      -500.000000    
           8   0.00000000      -500.000000    
           9  -1558.69507       1749.99243    
          10   0.00000000       0.00000000    
          11   0.00000000       0.00000000    
          12   0.00000000       0.00000000    
          13   0.00000000       0.00000000    
          14   0.00000000       0.00000000    
          15   0.00000000       0.00000000    
          16   0.00000000       0.00000000    
 NODAL DISPLACEMENTS
     Node ID   dx               dy
           1   0.00000000       0.00000000    
           2  -1.88595106E-04  -6.39196904E-03
           3  -3.77190212E-04  -9.35057364E-03
           4  -2.89939984E-04  -1.19940490E-02
           5  -7.55474673E-07  -1.33121889E-02
           6   2.88433948E-04  -1.19941477E-02
           7   3.75721487E-04  -9.35288798E-03
           8   1.87860787E-04  -6.39483053E-03
           9   0.00000000       0.00000000    
          10   2.97712814E-03  -5.86630125E-03
          11   2.80598761E-03  -9.29408986E-03
          12   1.62717269E-03  -1.19281933E-02
          13  -8.20112859E-07  -1.33121675E-02
          14  -1.62880367E-03  -1.19281588E-02
          15  -2.80757272E-03  -9.29428730E-03
          16  -2.97902129E-03  -5.86953061E-03
 ELEMENT FORCES
  Element ID   F
           1  -237.629837    
           2  -237.629837    
           3   109.935287    
           4   364.372467    
           5   364.378662    
           6   109.982300    
           7  -236.704483    
           8  -236.704590    
           9  -2192.64526    
          10  -1846.01331    
          11  -1945.19324    
          12  -2051.27100    
          13  -2051.27100    
          14  -1945.21155    
          15  -1846.69067    
          16  -2193.20166    
          17   499.999878    
          18   39.5854149    
          19   42.5529099    
          20   1.38408886E-02
          21   42.6391068    
          22   41.0701561    
          23   500.000031    
          24   576.872314    
          25   575.159729    
          26   523.445740    
          27   523.350403    
          28   280.940582    
          29   280.954803    
 TOTAL MASS
   78120.2031    
 EXTERNAL WORK
   34.3953247    
 MAXIMUM STRESS
   18276.6816    
 EIGENVALUES
   4.14757109       9.93380737       26.8912907       36.4040260       81.2665176       84.7875824       130.193054       151.273193       221.959351       241.365479       267.781097       376.542175       426.260651       471.527222       492.864075       690.239075       700.032288       769.835693       843.439758       952.618958       1013.42218       1091.63660       1141.39490       1380.92725       1631.51868       1728.71301       1951.37268       2067.00757    
 EIGENVECTORS
   0.00000000       0.00000000       0.00000000       0.00000000       0.00000000       0.00000000       0.00000000       0.00000000       0.00000000       0.00000000       0.00000000       0.00000000       0.00000000       0.00000000       0.00000000       0.00000000       0.00000000       0.00000000       0.00000000       0.00000000       0.00000000       0.00000000       0.00000000       0.00000000       0.00000000       0.00000000       0.00000000       0.00000000    
   0.00000000       0.00000000       0.00000000       0.00000000       0.00000000       0.00000000       0.00000000       0.00000000       0.00000000       0.00000000       0.00000000       0.00000000       0.00000000       0.00000000       0.00000000       0.00000000       0.00000000       0.00000000       0.00000000       0.00000000       0.00000000       0.00000000       0.00000000       0.00000000       0.00000000       0.00000000       0.00000000       0.00000000    
  -1.51457200E-02  0.294294596     -0.198311284      0.102232091     -0.146454901     -0.400698096      -1.72554068E-02 -0.410404652     -0.269975513     -0.226232737      0.275338918      0.373943388      0.698008776     -0.139560804      -5.65119982E-02 -0.154703259     -0.360545248     -0.657928646      0.415563375      0.721854627      0.106596999     -0.434667885     -0.994541347     -0.459037900     -0.140207782     -0.758293569      -1.00000000      0.837963700    
 -0.350001574     -0.822336197     -0.770063162     -0.915304899       1.00000000       5.52939922E-02 -0.851528525      0.284252018       1.48599660E-02  0.564706087      0.998498559     -0.285343409      0.878707826      0.767336488     -0.305941790       2.46991944E-02 -0.457505822     -0.339749485      0.389025271       5.36247380E-02   1.00000000       1.00000000      0.619499683     -0.312414110      0.120957360      -6.73420057E-02  -7.17203617E-02   6.17575943E-02
  -3.06442752E-02  0.575880349     -0.379749417      0.184440911     -0.249381393     -0.674869776      -1.94069389E-02 -0.734969199     -0.278699607     -0.327968925      0.393147647      0.697573423      0.735363007     -0.310784280      -8.41832682E-02 -0.102948487     -0.152466401     -0.449636817      0.467318773      0.753518164      -6.46502674E-02  -2.95671411E-02 -0.174615651     -0.445417166      0.421764672      0.301012754      0.752350450     -0.743634105    
 -0.582253158      -1.00000000     -0.998917937     -0.852619410      0.295628846     -0.321073264      -1.52460961E-02 -0.581570089     -0.340572596     -0.619036973     -0.410322398      0.558723748     -0.206990123      -1.00000000      0.362883806     -0.240933493      0.215347782     -0.317662299     -0.822218955     -0.750898004      0.416490585      0.173497394      0.115786709      0.142983511      -9.26583856E-02  -2.77072266E-02  -6.00748435E-02   5.10083064E-02
  -2.41826270E-02  0.792280495     -0.439006567      0.163937420     -0.123064272     -0.466634721      -7.36595839E-02 -0.893034518      0.392737836      -2.74400860E-02  0.456216305      0.773319006      0.141947702      -2.00110562E-02 -0.217006654      0.185459718       2.63194740E-02  0.420482159      0.529932439      0.117728017     -0.219705537      0.168264613      0.538481355       1.00000000     -0.877689004      0.340383857     -0.234716952      0.422889113    
 -0.829762578     -0.681168854     -0.855143905       5.31359985E-02 -0.915150940     -0.449702680      0.645824730      -6.86425045E-02  0.484544694      0.377453297      0.203253031      0.115973860      0.105615966      0.707762659     -0.603202403      0.265168101      0.999893904     -0.351147443     -0.699384391     -0.184890464      -1.22969272E-02 -0.104406081     -0.133094698     -0.103605889       6.42344207E-02  -2.75796950E-02   1.33689577E-02  -2.54766475E-02
  -7.39261741E-05  0.904331326     -0.426470459      -2.29628437E-04   8.61989483E-02   4.28073894E-04  -2.43896997E-04  -1.00000000      0.692265153       1.12132162E-04  0.112245180      -2.42180759E-04  -2.50503741E-04  0.475950629       2.11334336E-04  -4.99613016E-05 -0.835738719      0.436724722      -1.07945874E-03 -0.881901324      -8.61203822E-04 -0.255873561       1.70563813E-03  -3.48252433E-05   1.00000000     -0.265063971       2.69186039E-05  -2.46242713E-02
 -0.976750493      -2.46630138E-04  -3.32002499E-04  0.815903127       3.66979308E-04  0.617527068     -0.461159408       2.16355387E-04   2.97021124E-05 -0.178433254       1.63573117E-04   6.10166416E-02  0.330017984      -2.65718176E-04  0.475950986       1.00000000      -1.69522464E-04  -1.51230983E-04  -3.75147499E-02   1.33588583E-05  0.126163989      -8.74158228E-04  -9.85042453E-02  -4.49395292E-02  -5.23465587E-07   8.90257434E-06   9.32472944E-03   1.20224395E-05
   2.40413547E-02  0.792307556     -0.438726872     -0.164441302     -0.122571461      0.467796236       7.30693489E-02 -0.892699361      0.392114550       2.82117445E-02  0.455809981     -0.773767710     -0.142512798      -1.99844036E-02  0.217157021     -0.185362190       2.59030052E-02  0.420300931     -0.529825270      0.119410157      0.221042693      0.162848383     -0.540738285     -0.999935746     -0.877094030      0.340522945      0.233501226      0.423827469    
 -0.829782546      0.680843592      0.854961038       5.38991131E-02  0.914662182     -0.451805145      0.646004677       6.79683685E-02 -0.484703749      0.376908094     -0.203592077      0.116211437      0.105583824     -0.706936538     -0.603592336      0.265173107      -1.00000000      0.351176888     -0.698756874      0.186127916      -1.13412011E-02  0.103561774     -0.134474128     -0.103371024      -6.41041920E-02   2.75579393E-02   1.33119505E-02   2.55489890E-02
   3.05187404E-02  0.575918913     -0.379335672     -0.184933782     -0.248739615      0.675992489       1.87179558E-02 -0.734585106     -0.279526919      0.328615844      0.391391039     -0.697544694     -0.735347033     -0.310944051       8.39498192E-02  0.102914818     -0.152465403     -0.449786782     -0.465559006      0.754435420       6.40482903E-02  -2.82526668E-02  0.174984917      0.445560336      0.421131164      0.300322831     -0.751100957     -0.746619403    
 -0.582419634      0.999935746       1.00000000     -0.852057159     -0.296032369     -0.320874840      -1.51302135E-02  0.581687629      0.340783685     -0.617984772      0.411881894      0.559077740     -0.207723126      0.999705851      0.363436639     -0.240861923     -0.215327024      0.317539841     -0.820668638      0.752701461      0.414786518     -0.174285591      0.117788889      0.143104121       9.26669538E-02   2.76810732E-02  -6.00688308E-02  -5.12931272E-02
   1.50825959E-02  0.294310182     -0.198082373     -0.102488279     -0.146071315      0.401290894       1.68257114E-02 -0.410202324     -0.270435721      0.226682931      0.274068713     -0.373898178     -0.697927952     -0.139776245       5.63839674E-02  0.154545948     -0.360376924     -0.657980442     -0.414324611      0.722991049     -0.110205814     -0.424376518       1.00000000      0.459189594     -0.139513537     -0.757310510      0.998926699      0.841800213    
 -0.350228280      0.822391570      0.771401823     -0.914942801     -0.999505877       5.70467897E-02 -0.851159275     -0.283597916      -1.43708158E-02  0.562497318      -1.00000000     -0.285514295      0.880228281     -0.766984642     -0.306400210       2.46764030E-02  0.457257509      0.339815229      0.387650937      -5.41283675E-02  0.991533220     -0.999937713      0.632296324     -0.314070821     -0.121446133       6.74072057E-02  -7.17428848E-02  -6.21260107E-02
   0.00000000       0.00000000       0.00000000       0.00000000       0.00000000       0.00000000       0.00000000       0.00000000       0.00000000       0.00000000       0.00000000       0.00000000       0.00000000       0.00000000       0.00000000       0.00000000       0.00000000       0.00000000       0.00000000       0.00000000       0.00000000       0.00000000       0.00000000       0.00000000       0.00000000       0.00000000       0.00000000       0.00000000    
   0.00000000       0.00000000       0.00000000       0.00000000       0.00000000       0.00000000       0.00000000       0.00000000       0.00000000       0.00000000       0.00000000       0.00000000       0.00000000       0.00000000       0.00000000       0.00000000       0.00000000       0.00000000       0.00000000       0.00000000       0.00000000       0.00000000       0.00000000       0.00000000       0.00000000       0.00000000       0.00000000       0.00000000    
  0.178426981      0.981760859     -0.309271246      0.506888092     -0.349561453     -0.999812424     -0.125075415      0.447976172     -0.999946654      -8.96461383E-02   5.15733249E-02 -0.999440908      0.318037599      0.569277108       8.49787220E-02  -2.59036291E-02 -0.267842829      0.116745979     -0.566060245     -0.998761475      0.172115609      -6.30598590E-02  0.154247478      0.801801145     -0.459163874      0.197064221       8.95208865E-02  -4.94946726E-02
 -0.345391452     -0.797660112     -0.707421839     -0.818880022      0.785757124       5.20590767E-02 -0.574794054      0.205323890       2.96928082E-02  0.284781069      0.400904983     -0.102129705       7.21899271E-02  0.106757179      -2.79651172E-02   3.23970206E-02  0.149867356      0.235744148      -7.47268349E-02  0.125395134     -0.945060551     -0.987396836     -0.651214480      0.355018616     -0.153095603      0.116181493      0.147942498     -0.133020028    
  0.191574678      0.979474247     -0.589847744      0.184571072      0.257527888     -0.778288603     -0.545224309      0.724929392     -0.352252871      0.258699656       7.44386911E-02 -0.246739522     -0.657375038     -0.327812403      0.151085496       4.60420847E-02  0.859725595      0.416632384     -0.587757170      -7.05658570E-02 -0.440423489       9.76027548E-02  0.331358492     -0.866412342      0.819696665     -0.279450864     -0.339084238      0.357970297    
 -0.619649112     -0.860151470     -0.977079153     -0.505105019     -0.246664330     -0.564410925      0.355841070     -0.103239544     -0.557026267     -0.452795684     -0.686564028     -0.645228207     -0.295064181      0.472285122       4.08149026E-02  0.204127640     -0.501917541      0.552308142       1.00000000      0.677386999     -0.176808894      0.209836528      0.246949002     -0.201891348      0.120934613      -9.49943159E-03  -5.41336685E-02   7.30925873E-02
  0.118058272      0.899823904     -0.866004229      -1.14135956E-02  0.293282419     -0.562402368     -0.246970862      0.771134138      0.179377839      0.188444957     -0.587068081      -8.94367993E-02 -0.999505162     -0.111554876      -1.07376855E-02  0.118025959      0.198649839     -0.340448320      0.176813036      0.353325903      0.769919872      0.106889814     -0.745245337      -8.56988430E-02 -0.644690275     -0.334619403      0.242642835     -0.666173697    
 -0.865783989     -0.419404179     -0.637770534      0.457512498     -0.745826244     -0.216510952      0.141347468      0.635713160      0.389138073      0.622251630      0.488991708       9.64159071E-02  -6.32263422E-02 -0.820847631      0.404588431     -0.732049108     -0.833259583      0.153457046      0.318809658      -8.09845254E-02   1.31209067E-03  -7.61093758E-03   4.99434359E-02  0.114486068      -1.14031164E-02   1.05415136E-02   7.59171275E-03  -6.01750612E-03
  -9.84037179E-05  0.915290892     -0.901169777      -1.55906353E-04  0.329419285      -3.16448073E-04   4.55032045E-04  0.853896737      0.337702841      -6.51425042E-04 -0.829598129       3.04105022E-04   3.78847355E-04  -2.87598073E-02  -1.35074428E-04  -9.89870678E-05 -0.164543495      -1.00000000       4.51443833E-04  0.466436952      -7.76532572E-04 -0.108891398       6.42230909E-04  -3.83953848E-05  0.188366205       1.00000000      -1.99908833E-03   1.00000000    
  -1.00000000      -2.60146538E-04  -3.87601845E-04   1.00000000       5.56585088E-04  0.962546706      -1.00000000       5.24835777E-04   1.61864227E-04  -1.00000000       1.09181507E-03 -0.265018851     -0.686977565       6.94081420E-04  -1.00000000     -0.704916060       9.68925451E-05   1.03052029E-04  -8.66585150E-02   7.58488313E-05  -8.60270783E-02   5.08900324E-04   4.42692935E-02  -1.16043864E-02  -1.97738655E-06  -1.09629100E-05  -6.31012348E-03  -1.30278904E-05
 -0.118252784      0.899674654     -0.865869641       1.11202234E-02  0.294151545      0.561792016      0.247776315      0.771230102      0.179279953     -0.189396441     -0.585725844       8.98699611E-02   1.00000000     -0.111203954       1.05320308E-02 -0.118051723      0.198382124     -0.340144545     -0.175953209      0.353485167     -0.769245207      0.119292237      0.743648410       8.57542902E-02 -0.644948006     -0.334950984     -0.240200281     -0.667003453    
 -0.865781546      0.419046223      0.637257636      0.457973957      0.745506883     -0.217904076      0.141119629     -0.636096179     -0.389270186      0.621218324     -0.490779340       9.64619070E-02  -6.27634227E-02  0.820064664      0.404894263     -0.731999218      0.833620608     -0.153273240      0.319039702       8.04912001E-02   1.39597850E-03   7.90755358E-03   4.98365089E-02  0.114497773       1.14041325E-02  -1.05164610E-02   7.58359022E-03   6.05003675E-03
 -0.191762328      0.979241312     -0.589423537     -0.184674621      0.258799702      0.777459323      0.545804679      0.724958241     -0.352266997     -0.258730292       7.62379989E-02  0.246784911      0.657336771     -0.327576369     -0.151238933      -4.58009019E-02  0.860002816      0.416697174      0.588020861      -7.22617358E-02  0.441834509       9.00046676E-02 -0.332172811      0.866331697      0.819540381     -0.278854132      0.338109642      0.359072924    
 -0.619670093      0.860049665      0.977318585     -0.504438996      0.245931417     -0.564772904      0.355785578      0.103162110      0.556834638     -0.451440632      0.687627494     -0.645639241     -0.295667350     -0.471980661       4.07940485E-02  0.204013020      0.501515329     -0.552528083      0.997984707     -0.679351211     -0.178747803     -0.206779152      0.249811545     -0.202642545     -0.121256709       9.47978720E-03  -5.39581217E-02  -7.33248070E-02
 -0.178591281      0.981438577     -0.307903647     -0.507283449     -0.348775536       1.00000000      0.124531075      0.447560340      -1.00000000       9.00835916E-02   5.12176640E-02   1.00000000     -0.318440408      0.569311082      -8.46584067E-02   2.58204844E-02 -0.267979026      0.116645440      0.563681781      -1.00000000     -0.172917038      -6.29916862E-02 -0.153498724     -0.802298844     -0.459208727      0.196792975      -8.93001556E-02  -4.96344864E-02
 -0.345619887      0.797739387      0.708717644     -0.818654478     -0.785566390       5.34363389E-02 -0.574817598     -0.205004916      -2.94721946E-02  0.284036100     -0.402133346     -0.102369651       7.30377287E-02 -0.107309766      -2.82484647E-02   3.24027911E-02 -0.149318740     -0.235374898      -7.38190785E-02 -0.125420049     -0.936319768      0.986359894     -0.663822293      0.356718451      0.153690860     -0.116197549      0.147898793      0.133737892    
