 NODES
           1  -1.00000000       6.00000000    
           2   1.00000000       6.00000000    
           3   3.00000000       6.00000000    
           4   5.00000000       6.00000000    
           5   7.00000000       6.00000000    
           6   9.00000000       6.00000000    
           7   11.0000000       6.00000000    
           8   13.0000000       6.00000000    
           9   15.0000000       6.00000000    
          10   1.00000000       8.64936638    
          11   3.00000000       9.59574699    
          12   5.00000000       9.89999962    
          13   7.00000000       9.89999962    
          14   9.00000000       9.89998627    
          15   11.0000000       9.59564495    
          16   13.0000000       8.64751148    
 ELEMENT CROSS SECTION AREAS
           1  0.119999997    
           2  0.119999997    
           3  0.119999997    
           4  0.119999997    
           5  0.119999997    
           6  0.119999997    
           7  0.119999997    
           8  0.119999997    
           9  0.119999997    
          10  0.119999997    
          11  0.119999997    
          12  0.119999997    
          13  0.119999997    
          14  0.119999997    
          15  0.119999997    
          16  0.119999997    
          17  0.119999997    
          18  0.119999997    
          19  0.119999997    
          20  0.119999997    
          21  0.119999997    
          22  0.119999997    
          23  0.119999997    
          24  0.119999997    
          25  0.119999997    
          26  0.119999997    
          27  0.119999997    
          28  0.119999997    
          29  0.119999997    
