*NODES
1  -1.0  6.0  
2  1.0  6.0  
3  3.0  6.0  
4  5.0  6.0  
5  7.0  6.0  
6  9.0  6.0  
7  11.0  6.0  
8  13.0  6.0  
9  15.0  6.0  
10  1.0  8.0  
11  3.0  8.0  
12  5.0  8.0  
13  7.0  8.0  
14  9.0  8.0  
15  11.0  8.0  
16  13.0  8.0  
*ELEMENTS
1  1  2  1  
2  2  3  1  
3  3  4  1  
4  4  5  1  
5  5  6  1  
6  6  7  1  
7  7  8  1  
8  8  9  1  
9  1  10  1  
10  10  11  1  
11  11  12  1  
12  12  13  1  
13  13  14  1  
14  14  15  1  
15  15  16  1  
16  16  9  1  
17  10  2  1  
18  11  3  1  
19  12  4  1  
20  13  5  1  
21  14  6  1  
22  15  7  1  
23  16  8  1  
24  10  3  1  
25  16  7  1  
26  11  4  1  
27  15  6  1  
28  14  5  1  
29  12  5  1  
*MATERIAL
1  7850.0  21000000.0  
*SECTION
1  0.12  1.0  
*BC
1  1  1  0  
9  1  1  0  
*FOR
2  0.0  -500.0  
3  0.0  -500.0  
4  0.0  -500.0  
5  0.0  -500.0  
6  0.0  -500.0  
7  0.0  -500.0  
8  0.0  -500.0  
*OPT_VARIABLES
1  2  10  0.0  1.9  
2  2  11  0.0  1.9  
3  2  12  0.0  1.9  
4  2  13  0.0  1.9  
5  2  14  0.0  1.9  
6  2  15  0.0  1.9  
7  2  16  0.0  1.9  
8  2  2  0.0  1.9  
9  2  3  0.0  1.9  
10  2  4  0.0  2.5  
11  2  5  0.0  2.5  
12  2  6  0.0  2.5  
13  2  7  0.0  1.9  
14  2  8  0.0  1.9  
15  0  1  0.0  0.0  
16  0  2  0.0  0.0  
17  0  3  0.0  0.0  
18  0  4  0.0  0.0  
19  0  5  0.0  0.0  
20  0  6  0.0  0.0  
21  0  7  0.0  0.0  
22  0  8  0.0  0.0  
23  0  9  0.0  0.0  
24  0  10  0.0  0.0  
25  0  11  0.0  0.0  
26  0  12  0.0  0.0  
27  0  13  0.0  0.0  
28  0  14  0.0  0.0  
29  0  15  0.0  0.0  
30  0  16  0.0  0.0  
31  0  17  0.0  0.0  
32  0  18  0.0  0.0  
33  0  19  0.0  0.0  
34  0  20  0.0  0.0  
35  0  21  0.0  0.0  
36  0  22  0.0  0.0  
37  0  23  0.0  0.0  
38  0  24  0.0  0.0  
39  0  25  0.0  0.0  
40  0  26  0.0  0.0  
41  0  27  0.0  0.0  
42  0  28  0.0  0.0  
43  0  29  0.0  0.0  
*OBJECTIVE
1  
*CONSTRAINTS
0  0.0  0.0  
2  0.0  40000.0  
0  0.0  0.0  
0  0.0  0.0  
*PARAMETERS
1  1  0  1e-12  15  1e-06  16  1e-09  1000  1e-09  1000  1000  
*OPT_PARAMETERS
40  500  0.8  0.5  0.8  6  20  7  0  1  1  1000000  
*END
