*NODES
1  1.0  -1.0  
2  1.0  2.0  
3  1.0  5.0  
4  1.0  8.0  
5  1.0  11.0  
6  1.0  14.0  
7  4.0  14.0  
8  4.0  11.0  
9  4.0  8.0  
10  4.0  5.0  
11  4.0  2.0  
12  4.0  -1.0  
*ELEMENTS
1  1  2  1  
2  2  3  1  
3  3  4  1  
4  4  5  1  
5  5  6  1  
6  6  7  1  
7  7  8  1  
8  8  9  1  
9  9  10  1  
10  10  11  1  
11  11  12  1  
12  2  11  1  
13  3  10  1  
14  4  9  1  
15  5  8  1  
16  6  8  1  
17  7  5  1  
18  5  9  1  
19  8  4  1  
20  4  10  1  
21  9  3  1  
22  3  11  1  
23  10  2  1  
24  2  12  1  
25  11  1  1  
*MATERIAL
1  7850.0  21000000.0  
*SECTION
1  0.12  1.0  
*BC
1  1  1  0  
12  0  1  0  
*FOR
6  100.0  0.0  
*OPT_VARIABLES
1  1  7  2.0  2.0  
2  1  8  2.0  2.0  
3  1  9  2.0  2.0  
4  1  10  2.0  2.0  
5  1  11  2.0  2.0  
6  1  12  2.0  2.0  
*OBJECTIVE
1  
*CONSTRAINTS
0  0.0  0.0  
2  0.0  81000.0  
0  0.0  0.0  
0  0.0  0.0  
*PARAMETERS
1  1  0  1e-12  15  1e-06  16  1e-09  1000  1e-09  1000  1000  
*OPT_PARAMETERS
40  1000  0.8  0.5  0.8  6  20  7  0  1  0  1000  
*END
