*NODES
1  1.0  -1.0  
2  1.0  3.0  
3  1.0  7.0  
4  1.0  11.0  
5  5.0  11.0  
6  9.0  11.0  
7  9.0  7.0  
8  9.0  3.0  
9  9.0  -1.0  
10  5.0  3.0  
11  5.0  7.0  
12  5.0  -1.0  
*ELEMENTS
1  1  2  1  
2  2  3  1  
3  3  4  1  
4  4  5  1  
5  5  6  1  
6  6  7  1  
7  7  8  1  
8  8  9  1  
9  2  10  1  
10  8  8  1  
11  8  10  1  
12  3  11  1  
13  7  11  1  
14  5  11  1  
15  11  10  1  
16  10  12  1  
17  4  11  1  
18  3  5  1  
19  5  7  1  
20  11  6  1  
21  2  11  1  
22  3  10  1  
23  10  7  1  
24  11  8  1  
25  8  12  1  
26  10  9  1  
27  10  1  1  
28  2  12  1  
*MATERIAL
1  7850.0  21000000.0  
*SECTION
1  0.12  1.0  
*BC
1  1  1  0  
12  1  1  0  
9  1  1  0  
*FOR
4  50.0  0.0  
3  30.0  0.0  
2  10.0  0.0  
*OPT_VARIABLES
1  1  1  2.0  2.0  
2  1  2  2.0  2.0  
3  1  3  2.0  2.0  
4  1  10  2.0  2.0  
5  1  11  2.0  2.0  
6  1  12  2.0  2.0  
7  1  7  2.0  2.0  
8  1  8  2.0  2.0  
9  1  9  2.0  2.0  
*OBJECTIVE
1  
*CONSTRAINTS
0  0.0  0.0  
0  0.0  0.0  
0  0.0  0.0  
0  0.0  0.0  
*PARAMETERS
1  1  0  1e-12  15  1e-06  16  1e-09  1000  1e-09  1000  1000  
*OPT_PARAMETERS
40  1000  0.8  0.5  0.8  6  20  7  0  1  0  1000  
*END
