*NODES
1  -1.0  10.0  
2  5.0  14.0  
3  11.0  7.0  
*ELEMENTS
1  1  2  1  
2  2  3  1  
3  1  3  1  
*MATERIAL
1  7850.0  21000000.0  
*SECTION
1  0.12  1.0  
*BC
1  1  1  0  
3  0  1  45  
*FOR
2  0.0  -50.0  
*OPT_VARIABLES
1  1  2  2.0  2.0  
2  2  2  2.0  2.0  
3  0  1  0.01  0.5  
4  0  2  0.01  0.5  
5  0  3  0.01  0.5  
*OBJECTIVE
1  
*CONSTRAINTS
0  0.0  0.0  
2  0.0  20000.0  
0  0.0  0.0  
0  0.0  0.0  
*PARAMETERS
1  1  0  1e-12  15  1e-06  16  1e-09  1000  1e-09  1000  1000  
*OPT_PARAMETERS
40  1000  0.8  0.5  0.8  6  20  7  0  1  0  1000  
*END
